01a 0.10 128 107 98
01c 0.10 128 89 88
01e 0.10 128 89 90
02a 0.10 128 94 84
02c 0.10 128 96 83
02e 0.10 128 91 80
03a 0.10 128 101 91
03c 0.10 128 92 93
03e 0.10 166 117 94
04a 0.10 128 102 94
04c 0.10 128 103 92
04e 0.10 128 107 97
flip04a 0.10 128 102 94
flip04c 0.10 128 103 92
flip04e 0.10 128 107 97
05a 0.10 128 95 99
05c 0.10 128 88 98
05e 0.10 128 89 102
flip05a 0.10 128 95 99
flip05c 0.10 128 88 98
flip05e 0.10 128 89 102
06a 0.10 128 109 95
06c 0.10 128 110 93
06e 0.10 128 107 93
flip06a 0.10 128 109 95
flip06c 0.10 128 110 93
flip06e 0.10 128 107 93
07a 0.10 128 109 103
07c 0.10 128 110 103
07e 0.10 128 104 101
flip07a 0.10 128 109 103
flip07c 0.10 128 110 103
flip07e 0.10 128 104 101
08a 0.10 128 104 100
08c 0.10 128 104 100
08e 0.10 128 108 97
09a 0.10 128 94 91
09c 0.10 128 96 90
09e 0.10 128 87 93
flip09a 0.10 128 94 91
flip09c 0.10 128 96 90
flip09e 0.10 128 87 93
10a 0.10 126 100 96
10c 0.10 124 97 98
10e 0.10 128 105 103
